500
335.73571331271637 110.77363144607688
274.98186791129984 407.18503021464755
466.108450255837 328.4496133669782
414.07543659667954 663.8049281399659
284.549129921042 554.8237497605727
389.74535067585856 145.2346838205323
461.01465205448034 457.51246752745345
375.09804164364135 165.66831489527044
476.4567224445604 111.54150302408627
376.1348364852678 269.8235393311552
621.0371446035554 532.9043531580795
546.8337840102305 491.9971785840751
383.5965304977924 529.9013152188699
54.53970923869933 619.8496236917096
444.6862695341044 732.3425995730355
348.0793901070492 284.1757289281087
565.8430733243595 919.1262105631283
874.3794209971559 374.79682928705813
286.17861597675784 458.26218417716547
952.4429524877332 891.9216663453394
387.34287769120215 119.05976214195223
439.18666040932476 729.629171410968
864.0626623280416 148.92971128109522
844.8530764049466 824.1983416739836
299.1087035845451 937.8736049360983
969.1791082943458 606.2829644868165
520.0639955377802 629.5506248672335
20.02046307863481 9.539641282546363
888.6646485961497 753.2250896977905
389.4569975925227 385.55953110760663
699.3178399420493 594.7928704771842
269.77983123396274 599.1606338852333
918.004107101063 450.1263765768198
898.5330950205292 645.3124878129146
237.32336006134702 190.30676035643913
169.45818078503393 670.2624173823206
490.5164389084714 176.37816098930327
335.5026834177402 65.06447870642629
349.36517990286717 502.9460375897195
835.3748966993217 786.5042985146953
704.5026516640946 195.82734818610814
747.7650585090247 491.38595466746403
914.086052717738 789.0285401538678
971.1138361630526 173.89745741335827
137.20986786691057 51.596405388698145
440.25131415486993 932.1272215165172
80.85918144681659 562.229194895576
457.72045333396517 626.3922020726518
462.5972887603308 96.82928340984465
176.57547231741543 803.8137125552822
90.68018780862019 537.7249583333002
923.900435065209 13.321319185040647
947.3390281925967 164.49845871600354
692.2123611547001 444.46435290563977
916.7212917067385 846.354647432781
174.5146645670015 647.0729300647455
323.1743840401934 630.1330520270672
334.8465635218447 675.8388477955015
407.0324554952033 895.4902876537944
86.57037948134305 464.0104972331666
714.2026053311323 308.9761012714554
918.1749150678885 990.3469117988907
484.01610064690135 324.08648284953824
171.32784362647502 743.1183124940738
688.3684010511956 129.57916102013567
550.514099192432 525.7613097105685
152.08428161627663 167.23171610478238
667.9497303402451 61.19128659385953
396.91459173322284 176.56371904767997
197.83580531665467 29.668522383828776
956.214409696189 343.3543122333222
908.2536555611913 706.8344853033658
470.4550784993654 135.46776677929884
531.2496421387912 944.0677164004135
426.27569190534143 183.47021056489567
455.9355365790299 477.94413008117687
513.084450505929 651.3254817875825
699.3150039436705 815.5909259988885
740.4464314307392 757.19723490168
827.3782951092194 911.3239966564256
918.5982070016697 196.42281597804634
53.2625797246562 242.11380327071495
267.7620942771487 388.6814878382687
285.64258348521076 441.66907706602797
299.13408563704024 414.49125871198953
861.4543089328819 762.9414170391472
48.46490845793794 795.8436646632717
638.3832299148661 310.5611713997046
443.846096779962 151.53907199135784
825.146201955238 212.177005032927
860.400168083978 695.3833658519935
953.4683453288856 376.05107477301834
905.2178399687316 524.9920323768272
68.55736266527235 876.9863727939099
413.4461370784075 796.7694448818928
316.591661572014 829.6453979815772
797.490244907084 798.8818860241583
977.0125460247672 621.4154230576405
156.27766433246248 148.33547503803922
475.21469658254443 710.1252632507726
849.5949411546352 252.80851623620492
620.9342983691032 523.4101872976156
960.1127933772184 138.05834434234953
566.6874112173554 229.30038943053955
52.226539061574265 339.66747840936915
361.0602541669475 918.7893303332063
723.2185949843587 611.3589283498233
792.7365167596981 292.20640191238545
442.5442252144923 111.24389261059487
205.00095405682939 718.1126551775529
467.96126473657193 707.594100362992
311.6214427417029 188.62162003084515
964.1400233602727 450.7010434920551
304.21702966180106 617.9772909410567
77.47558950028666 922.7207614475184
477.04265516807385 976.7975758865382
660.758378281946 558.4700451324636
838.0892309728262 289.967395288482
356.72506602040346 886.4662808895283
742.0797149622905 992.766344488538
41.33692223933261 303.30937533305536
792.8504259935493 477.3149677373716
899.0011877128798 132.43033222238364
581.404019041995 67.54995985936785
171.56378097926338 937.4995493666784
657.9049552208013 954.7431093473344
245.68067117734904 847.7508025828962
82.46457409152741 148.45606686519463
310.48598592004714 972.302321479151
82.9286570593255 13.711398495251492
251.30702160003037 845.0256689500127
536.883154670374 651.1852390513692
751.5217820540522 864.8925012309488
221.46349838791645 977.9276148020302
292.3633505264951 665.5886717534269
242.86587014122696 403.6763493191001
158.98067123813053 888.834151267139
540.8436288530336 511.0602378868275
927.8856928863394 135.50398592146317
144.3292412352838 60.613812579928926
510.8269869375397 168.5229949678314
735.496652459818 180.53652366854357
335.6674324025871 755.8710234219714
912.6361129353712 924.8781478639287
246.39042392153576 21.15867526720305
561.3710891106971 688.1425689060655
498.2082429259448 325.45283652649505
519.1555675826567 987.0061809245332
869.4155298881943 111.10970011805632
973.699580616234 692.4242840878865
753.6779178962606 559.2089389820238
809.278317107649 595.2670953834976
975.815876057145 907.2789846944207
727.2922205557911 932.030832716837
859.0024424781778 288.1255257512624
93.35115810224248 302.7808541116035
610.1538156149171 220.6116591686511
710.3891482523971 289.3708416678764
464.01258465337025 261.27656105631394
455.3535576366493 980.3313284553138
725.5048647456199 176.61254193785126
853.0547124262735 301.90587336384834
160.08123630650252 259.25729013626994
889.2513394175413 214.46846403727525
798.4185869654585 425.1285574106477
48.42965407714406 879.529307020962
486.4129974882331 765.1766895122851
654.0328586363141 642.7392757356791
127.88379293167063 969.2681594506704
652.8219675825512 248.489066851888
692.0618141199499 209.67545838096146
488.2633931839614 742.9563216621127
356.2067003890097 390.0127617724023
144.66737891196578 219.29320027975342
500.7746718041589 960.2907137621888
479.57192923463134 108.63987848675983
964.0465681230016 133.5868187623148
550.4587778938031 737.9356712496644
995.4671062856396 517.6157350571469
764.453157948544 45.87284925994639
209.72648251653436 385.93645216747484
780.4337566856765 695.4273475194851
99.66483566188211 490.39433824678923
285.5098156487144 179.8810864649525
533.0909121537986 779.2363333658856
767.2753122948956 769.145712578157
669.6072912599963 749.9476556109851
197.88391576244845 255.9358731261533
753.0915646673319 438.4298484846498
732.0692202268139 618.6212652757296
87.55201327014494 867.8100835551895
692.8138869786047 761.3375984716656
276.1301824256509 203.34425082838825
978.4166033347623 929.0223808706925
639.5043371344007 78.63749303063994
517.8354004362423 109.61309422780208
789.2984449921438 441.98252445852813
444.9650084731729 224.70271928627062
705.277634497602 593.5347111798304
98.9625262492777 827.7474723722639
791.9887423360092 578.0764294632061
888.4805410644645 799.144602659713
636.2928455160333 474.0834553594759
330.01313746113425 215.55687788049138
663.6032148552267 869.0885304864981
971.1394901591367 789.1513686850994
899.7251419386907 297.01031705488725
454.6845325755856 720.9137524724937
657.1288864863418 888.7254615243103
864.4419471786132 131.1122198047
895.9063751625611 786.6133342406885
32.64831724430994 54.61692344042179
728.3923633645186 738.372419212359
667.0641540435311 236.94984820850306
994.2811972233283 229.77072881247884
974.7584278431806 620.7569897363821
199.7380611977557 854.1652017895198
275.6005539331086 961.4086050312196
317.62504889026786 872.4518755612714
824.8296945454857 914.4230055766284
368.0345051426691 915.1768398710223
261.1696172097108 54.3867647994688
962.988148730818 989.1523016498384
163.52605554940214 799.7426498356284
362.87182396290217 415.1438399815588
248.7941257505999 236.6107555795186
366.3088113567297 515.6605236001049
496.97274928356563 1.4207665872334463
19.729971972337722 819.7925211625849
951.5348671918287 589.5119481392518
845.6373588416611 430.20063307194965
26.680050010525314 395.53395219591215
197.13210631687207 977.493801847431
95.1319425930176 369.7579082844686
24.141729322660122 208.87660696465716
98.96240823985325 323.5573143650027
338.607229118565 423.7857675469693
249.37897179233605 282.29420973595256
451.19704473672516 323.58565525337434
607.669712514015 401.01814690726303
307.9937033149981 349.29678407734866
563.98675069829 614.7792974896562
367.13796321678115 81.6545975598858
647.8072760245195 828.137676367535
810.7428637368116 638.4166640668715
987.7297406607559 842.5289097812508
951.3853430006883 394.52544631386866
725.7434270428272 491.53716674454586
376.66279345960095 796.6833976309681
686.4514742162421 926.4682199466132
907.3819941646194 658.7950076376925
408.45444571901766 909.9885253912564
850.3289162047566 157.73423292182852
541.8047154432534 663.0774136150274
940.0368504330916 960.8682485881807
154.50956462335031 383.883510607166
42.18280633767557 576.5648543061533
541.1058100717402 116.51996344204973
381.22553143666084 456.13962475584003
612.2849141969299 523.1711409732122
408.1281884960992 261.46069663037497
83.59997008405695 905.7477515475699
876.0627121500213 958.8996570900857
253.5519512790234 186.35691459890413
719.8948841105814 178.7681147324992
823.9638119142983 887.9486991430668
875.1220415108226 644.1167890518989
723.9149998274668 86.04220169748034
871.4590607852178 62.75901239619963
11.431423431944697 409.14673441578555
210.52769222322075 730.744153087121
898.8740461449615 405.5083117017959
484.90005903958024 510.6636274297315
540.2977955077729 296.5300928568183
322.99469670025536 822.2582717712188
497.9105045521135 289.0101561893831
37.72270842082015 527.6089001506856
298.1334524726507 696.9495492821399
673.9449066853659 639.3576078098342
645.75379322165 428.11982040654794
513.0450599187169 388.66273329434
798.8710814864589 861.0145473836925
777.2514397099252 580.4088442235593
334.0187136883488 254.15660059513746
235.6578040284768 554.6888824645097
57.840920420624606 478.873561816363
509.8855093437361 247.3785163142508
62.80651559101458 461.17827597629304
257.4776601716091 372.8053058259642
653.5769232591922 843.1304416471675
203.79889871021172 222.9309367346569
413.3799716111505 986.2712785437113
655.1844743703541 764.03304266929
176.72833207374816 587.341589127259
959.4292760835963 482.47073102261083
858.2240573348062 393.4737892365997
925.5895682782797 286.72633379367596
881.618885328517 884.7879372562305
531.10802346348 500.7702573817617
566.4151385204541 568.2345502273057
68.16957832498383 99.83407718952242
100.35570230963519 104.23737712781656
816.5099619113489 126.44440283455971
387.98535923926147 500.10416906670275
298.8602956184466 741.6854170620522
459.57856211502093 450.05918810802245
502.95231236762027 542.9473764551503
950.6427008642867 751.9072978995699
972.3147232601959 922.680747465153
191.41256101466064 218.66608838128244
540.7846917368978 0.8957484145466488
157.40088361862314 202.71872395178892
809.1280125873184 886.3545161634452
0.31180464991631407 558.2794211408107
579.5076464309471 313.5401579055033
178.85391350013057 190.00951346010785
328.7923915570543 243.98625085761438
677.3839307407306 574.2284991527815
831.3666207640191 924.5544199263933
55.95370092091356 965.8813050512799
905.1792150171947 289.55694510531725
986.9312880387824 697.8961773095594
774.6404851059367 501.76282451500333
535.4006706515376 832.0633113176182
7.826625004494714 23.150237581185284
322.83812590061154 296.0951751875515
655.3846781808663 127.88695175276355
454.0042758825973 39.28823115878144
971.4246147556576 921.9360899361272
936.5442585128382 176.73983772173708
319.9900047867729 15.534904788964798
502.0585252565626 627.9087994011071
84.67207002263034 844.779496241763
882.7107880253507 273.48368681366406
219.71796167306834 953.8675205221089
596.9165580080381 178.04738561916855
95.32420935030184 881.3088185197844
851.8657963595283 867.3090315753515
180.45911835595584 548.6490046538449
908.0033617047097 997.9084252050519
60.05335757161523 472.2063532636821
480.7514372496656 877.3637936248049
267.9672650714496 384.2654177073235
154.9767797510052 992.8280743321172
202.35263455784548 495.5675198234408
174.92623962558318 997.8917391555239
787.1432449465168 290.6094224778245
625.5837250894334 504.82239521996365
648.4923203791191 776.4401248467981
54.85797506745082 213.11338538138403
191.58514783012737 85.69100504190497
27.289109402158008 932.736181331387
998.800260612114 700.5129848289421
437.78606213683736 761.0964156825073
769.8135660453889 771.7407336410547
797.7498060833783 897.848499729479
876.6587389046646 355.89748241449803
838.8126870082881 539.5822159058495
672.6892241447686 739.8280126199237
0.25295111215650756 904.5536764345022
825.6456013270629 827.867460569041
336.4572994948727 607.9089170512027
867.4454604210671 542.1173678949888
372.72100340168413 606.2317584620541
224.96906499547686 338.7270026319483
912.7047176589641 431.1037393159783
214.75953713199948 169.09689397384398
328.9585369347996 417.3370424234192
173.69107045504018 816.4740898215292
825.9493246428257 513.2151731357619
56.5654591037208 334.9202058547597
146.25662516239822 81.7200820488807
809.4857351664897 551.4613098766896
251.31183811132286 437.90988623097013
288.0520472681136 716.6729732300364
590.3564540413507 454.42560404767494
607.676984695453 716.5177752940833
45.31209871188435 825.7396381309228
188.67876803459706 962.6636943635206
151.72826284973183 111.4885861974485
232.12708495872914 821.695762858414
823.3521302890098 304.28800641939756
919.1595860594084 804.780021495246
901.786523848198 216.20256370733992
195.7883748202609 573.4921378933731
281.4892472180458 398.9822065170301
418.4037056864707 758.1174367497584
872.545553956191 176.2305566059098
694.5156541523712 75.12012181391181
270.06879703267236 63.126774636273474
376.3907627943933 533.680039300054
200.6731260956931 589.9074547452921
642.9184653154559 944.2898695273452
815.337960186788 532.9000596843531
96.65682738608172 971.320573336299
876.6041471564398 281.24698439787824
835.0738771730149 337.95580295869973
355.0139194005209 8.915535339459101
718.2053108776936 428.0877859991322
202.6603844872118 493.7448084285284
331.0122038653055 857.6484732259714
388.56281293948956 646.5324793266824
973.8414312689289 279.9311424373534
446.3835623790896 783.8593778127148
192.04954938801222 682.4305187183787
945.7138198572794 116.96863270807478
339.72959398408074 43.44331778264543
938.3920895292323 538.2595594938213
249.2271333371878 276.1955261018516
934.6171256449309 783.2086030695133
78.29957776199248 735.7355971854251
647.7170927682012 638.5377025484962
461.263265075344 712.12735962491
721.2992913361664 964.5929666594515
943.401324530898 687.569025446526
317.55123152788 628.6145710124437
108.45935472727142 563.4268826614059
168.11474066406373 105.30727824155572
948.8121690613316 364.53809051918563
410.6763275391093 398.2655435079777
879.5862408992296 243.45075841721285
374.0160892125718 794.3545655211218
809.2442185114862 610.8327037544902
976.9942082974865 62.86757090916073
939.5297788898398 128.28722451876874
874.3290484924479 560.7607341346151
53.73544257715346 282.5569101978721
483.15966485271247 980.8776247221969
842.4901154167655 583.3801665933421
666.8521526658361 541.3141237726704
465.7306837930031 267.73093926475644
435.13487492214244 577.4224358158702
475.8152563707738 863.6246975984794
886.1800594662241 385.9305740963187
555.5525243056426 669.0288890116415
454.81551577027045 867.8507862659569
535.5523216764916 788.1936936886792
627.2435319089976 354.5807593530848
212.51883697430563 112.77512635914478
9.337987896622991 515.2514078469829
534.1439681645669 688.3627262889667
339.15673587599616 822.1238224375535
624.2443098749674 310.76330250227534
102.1391067025409 92.79082463493138
637.0938459456709 357.56292524338164
44.824060389978214 999.7891321244988
632.4712302142765 349.608618814626
155.16816764213326 271.2486446800567
537.0603966755825 783.2406233890732
421.71370401914254 253.149028968232
170.85676397940009 515.972567114884
504.6572795958467 349.6046398885173
758.6254173373934 834.2399691677443
896.8934943668784 139.26637214261518
761.0261537772953 209.8409058733851
240.01936703697135 521.6593476163736
179.3862062185283 918.2920317996616
876.0984592538141 252.27778505289567
45.38657746390717 191.66761996188166
27.335389909985295 57.18289313469527
31.77381259194356 48.536871500905576
928.2068421123009 987.14914157726
661.5334022581762 754.1907708745944
290.9966506724856 180.2248651502464
409.4141219372195 349.06396299449716
484.7229230443454 578.261354836618
925.9909036621542 572.2526766993358
672.5684220335642 955.5439025249736
561.5087732342744 294.93538505813024
286.32146343671496 991.8759452485855
692.557071304526 373.00293440156406
782.179073423237 758.6548295076442
842.4619584114585 571.2366613957859
360.0966741093524 673.1007755556328
800.1740060441655 142.87426580471129
708.8006450939589 371.4034921570175
725.5781765886863 403.1336875196302
99.73237814941172 546.5432280163457
705.0675565003063 911.5162368619349
43.18961564142643 362.68783608078013
332.03139312557005 35.64439837613187
800.3962037868047 846.91761830814
109.55485487727256 340.9596768202918
496.8094496033942 868.0947643834141
794.3280262737383 168.3944706058067
980.5354807296416 420.37449328856525
27.046431170278385 33.640785793707664
497.2062921737015 525.837373143604
951.748471879527 166.8246856286345
837.5746899724477 231.58492195209968
373.90670314879594 513.384130940803
111.78767287358026 85.31520531569481
882.0611368181405 996.3327825753647
617.9825263314302 655.6995217315185
934.9782825834575 496.3695113801678
961.1558730009986 155.68547981847692
35.39604072503521 38.6739184841508
386.69180444202544 471.5413713383062
465.36586178496754 510.3483614728422
534.957962373053 39.854530808371535
