15
649.2049460077632 310.97255503827137
381.97487474507295 590.0709563311401
978.5531521094448 649.028643102708
195.7484761905961 290.6814746633213
522.361529724704 525.4765362161196
122.65998005802147 432.90578880234676
513.1566940677278 711.8295055484607
338.5743761366803 11.116303292801998
647.3642632403852 779.0957005288144
441.72883874389856 109.11157827785867
467.4940174768739 675.2066395757979
677.0662071769596 340.5641013226829
458.22765507679577 464.70256161728196
996.075126831066 315.743298107398
669.3595508562659 584.3254128314992
