100
803.5175268077427 187.75870313251463
789.8840832298117 352.1169766444171
884.942981083126 696.3708521997196
629.3336045809345 954.9001460831662
294.3181432611119 747.9202598291128
346.6132694711499 976.4432872602929
131.97490012636138 153.75200285313028
391.8741478856803 929.3551109807838
610.7624211355869 337.5614998641364
862.076930395644 71.48237146947112
152.21873816965535 818.1627945075979
876.2230894319046 957.5007631307394
414.74500317362174 353.2832770811567
970.5753997865112 543.8986859526422
54.91241476351405 940.8827968821998
14.446587519623133 590.2856627668813
849.7865798474306 369.08161366606396
486.805953506432 968.981888546123
790.8744607416734 208.83885814609582
878.1904451107114 81.19240421756967
421.33290358067944 209.774451125874
189.71141557201642 188.35383685634687
618.9427671577597 553.1616268010339
130.71846362459814 254.10150417883705
979.7069839877903 472.1448494832924
964.6908832278181 229.69869544193477
434.2767757430175 964.9504178701936
944.6648148903237 650.346267583767
23.13656720283919 641.054764867158
818.7556043026099 212.16462217353538
556.8433763991397 934.2083097085674
371.42446938370745 337.1877652595614
364.15360436457945 445.66385152092147
662.7430514315149 171.94203897133443
298.769218350224 881.7075945133178
563.6698879567997 418.63697932828904
409.58683056108424 382.17151280515003
741.0262334403642 786.7689492265077
728.5391262082032 435.81909972092257
481.6697187651451 779.3954652784527
927.995674257007 747.1200044766869
486.9598819790453 651.7486099732483
287.7494109198845 472.6414977981684
101.06395260734813 258.6933674121317
182.06990796222877 69.49649769300703
300.5135951471699 296.0661591034014
959.1759506160518 682.0694432979402
634.1292355357056 503.185385256404
611.5204034614524 701.4867872314426
261.1502945905799 333.38733655115294
78.56878770545839 611.8913908891154
303.9695332376249 974.0765045573158
483.78235152365437 802.2393336675362
268.3083068548089 621.7595864594923
868.5989611054033 90.72532892595963
501.30815343203307 102.90536430643459
893.7497073319457 518.3816939405013
616.6919059487228 908.3340555748086
921.384689786136 291.05968995879994
188.13158901742622 939.5996090035673
354.8027394572123 410.50025917885023
705.7273057898487 858.4397929317245
157.37006583906953 245.89206279905184
194.6778035809039 940.3223293737234
796.125167274996 161.44253350124072
975.4822590678763 643.0005712303177
967.2186899819588 882.7150651721687
930.5786889085904 984.3177079808057
938.8005208884578 68.60566677193525
697.1876658161347 825.9884446880178
229.3626035299473 781.0132653962683
805.992755560814 394.5205523967581
168.6763041981615 287.63719429601775
725.025946672839 527.8710506807734
418.50421793686 802.6440802547462
784.3182226016296 895.0305637887654
22.068570935039666 358.8937011327741
271.35194308821275 142.87642914809763
81.72995790644799 849.015652559532
694.6870059716967 691.4092918952074
237.87467212518388 707.4081015857249
467.3254215082099 828.5392144576014
320.88292705881696 643.6689222479149
649.5119844905754 141.6152336033243
652.642195287617 42.63869773110463
456.59947566263213 589.5889014235004
706.2485507399534 171.59643804288805
565.0944303737734 862.8993614096363
553.1426151679955 578.248269445575
29.961526506666615 889.4546125221111
473.4696331139299 212.33540771308745
291.61322544635027 728.424664355058
572.8620224894651 724.367129802033
839.7769732842371 939.846635528682
725.7961925742441 622.0942165749103
141.24053028558959 497.5717905225001
807.890004973306 652.9775503117418
134.5141353146264 870.729804558587
690.6869102365598 967.7841040479259
189.2986640699008 413.1546317833552
