50
342.8420355741334 163.44799065317028
88.42569017678647 122.09530875857367
293.26747360715666 115.98813812239439
378.2318150321864 565.7420580979413
932.7888936624588 558.5748362289239
654.8611197314304 604.3150041872894
983.3464741058596 421.3395245853785
729.3594556223699 720.2589765608524
728.8167443452883 380.3350780436383
144.73772125805584 52.92693406181903
797.8428088782061 470.00975839718217
159.17329768080435 778.1579340370031
243.98657996257066 936.3297376191961
104.1937000087152 915.981356438576
809.0268204099856 0.28993193929183203
536.6528599192841 370.3477504392526
500.3391638477551 465.62324792630363
128.0737275737489 448.44891106147776
807.6339529211073 523.8541482522393
214.16809528910096 26.10688467361799
982.7993927921813 467.4535998117333
223.77832205552585 384.83136090456014
102.28230201966359 878.2445089933635
631.6531896109159 201.55387893136268
841.9506551822146 369.1121679935181
834.1076910778938 307.7737130041154
911.444323757828 994.9584738690025
351.67174673245273 223.73897714560076
117.03340554612906 457.6873311224632
972.9561396888437 934.909395972991
558.2536543348616 876.3356775632909
129.08666725750717 327.5847803615278
735.5891753255743 626.6510356735153
779.0429793403132 882.5088155187383
655.8492319407077 288.5357821844668
432.3194222051948 204.82712988229358
896.7555359680877 419.2538519207668
882.5419235190631 88.54567095920463
944.6864058789363 880.8806112382885
430.0542288621855 188.29624861800076
150.08871647252153 526.2517500527206
22.11418992115688 125.17126032427184
836.6598284488434 345.04460562740445
281.1404774732431 937.9280171818685
344.9742361444323 152.5035116103909
141.81902290988447 172.33598960679907
350.5652931709079 968.1853564289685
60.93722434629068 990.6134773376472
310.97232014203723 799.494747289221
326.72756085511077 582.369414420297
