20
420.24807215754834 42.554391190593456
133.24354354610603 560.9705381395047
586.5519101539487 393.45324550180106
649.5021474512076 761.6532270118832
248.20051908076556 898.8618250653798
278.5129718191318 940.83377752216
201.1986999664569 942.2144096762446
274.09925277397707 104.6523637047968
235.52330950721745 700.7977880687863
121.80806094484709 947.9754616170984
648.073757738402 319.445347119683
460.5842728020585 292.41300821237604
708.8262851816341 659.4559163552779
337.2233912307979 485.6927507733748
586.9285433701616 580.4454861395016
152.00971728527725 390.4689187199105
698.3654028802317 220.90724545226848
719.4299039607978 753.1919898527348
298.5572262514845 288.56419038793445
126.5962966678007 47.17442964979113
